image: /home/cona/data/CoNA/Map1/./Map1.pgm
resolution: 0.025000
origin: [-6.459584, -11.315403, 0.000000]
negate: 0
occupied_thresh: 0.65
free_thresh: 0.196
initial_pose: [0.082312, 0.044939, -0.039927]

